0
0
510
-55 -6.1336139541749086e-18
-54 4.678946273957629e-05
-53 -0.000506703314696311
-52 -0.0018386673669546893
-51 -0.0008752528323898786
-50 0.004107522636480654
-49 0.00638063700064283
-48 -0.0014732012397294584
-47 -0.01141761752914942
-46 -0.006537323884643237
-45 0.010488520730998997
-44 0.015244142963582232
-43 -0.0004643717959030622
-42 -0.013303383679500742
-41 -0.00861505355589931
-40 -0.0036529798257987824
-39 -0.004126723189573253
-38 0.016255425580945133
-37 0.04682148331370346
-36 0.0145870514977774
-35 -0.08563469101796345
-34 -0.10712749804477127
-33 0.05187560606719426
-32 0.21111884685649826
-31 0.09358431274065283
-30 -0.21963755662236722
-29 -0.29349961940157104
-28 0.049034257161288355
-27 0.38446777812105104
-26 0.237573616444611
-25 -0.2236095907322008
-24 -0.41000043575848344
-23 -0.12723911752203995
-22 0.24372806508273667
-21 0.35341714194546964
-20 0.21243650479344936
-19 -0.10750826166393003
-18 -0.5294533702796157
-17 -0.6014501694950729
-16 0.17105185904700185
-15 1.2081830519801766
-14 0.9658151621953391
-13 -0.8931651062774187
-12 -2.1891414007132606
-11 -0.6739589077824528
-10 2.3435981236807613
-9 2.8201506914230614
-8 -0.6384245803886737
-7 -3.999408232990872
-6 -2.4812040110158198
-5 2.731412119029711
-4 5.10582487979991
-3 0.9814821804376668
-2 -5.019671645368119
-1 -5.16209739206253
0 -52.559391875868045
1 -45.11696140646916
2 -55.05191476575068
3 -63.353239434040965
4 -68.73836904211616
5 -63.44188421232565
6 -46.91080493736236
7 -14.990961759699225
8 -8.971475805139196
9 15.35171360439036
10 21.511381555002096
11 28.211251600457256
12 10.12410280656928
13 23.90453351401834
14 39.17214287475051
15 59.47647924143788
16 39.150765139585566
17 70.96627905126975
18 76.06671104097705
19 101.87499299404473
20 82.98063706890112
21 81.45407432422016
22 56.36858980925514
23 9.38836017449422
24 -20.49503919505953
25 -51.28513458111907
26 -56.97911749874066
27 -63.89434728837344
28 -66.6722146023352
29 -62.995951469543904
30 -64.42285488887016
31 -70.35024807039672
32 -85.25436546800218
33 -97.13150529659885
34 -95.87534841104585
35 -79.01875296275952
36 -66.53097947158213
37 -103.58842485039901
38 -191.119404287719
39 -177.6190324487157
40 -47.62894708702508
41 226.22339290079975
42 556.7328910414179
43 1042.9697904347286
44 1211.57302902101
45 1311.7495350495046
46 887.9114852856453
47 749.1663186384434
48 325.26243606264427
49 88.85870553627835
50 -29.92583157378718
51 -28.234646450130548
52 -14.642805410164238
53 -24.164253340737677
54 -15.937989991845766
55 -21.628079552366373
56 -16.11680678381422
57 -21.82220752592714
58 -33.816437399928105
59 -31.233764638232255
60 -18.58565850800762
61 -20.037000242934745
62 -16.379904188671237
63 -7.565487559389907
64 4.988385086258647
65 17.899898976537823
66 31.168348759501015
67 23.902165600437023
68 34.63702497363982
69 49.95725013660175
70 62.5065253194636
71 60.61282950301518
72 76.62351552353483
73 88.49368180410008
74 99.82780783555022
75 105.54672082286132
76 115.19974643154609
77 143.4538396197235
78 158.27461339505376
79 176.25696934700392
80 190.64936211719566
81 210.5883328594857
82 224.34516492152423
83 254.92207145241625
84 278.30799194726706
85 315.9749058034267
86 350.6720664199994
87 388.1889433421696
88 418.80683868857733
89 449.208917445345
90 487.8682261420115
91 529.8624068043324
92 559.6694133199665
93 591.877327538003
94 617.5156963824494
95 641.2844918138132
96 655.3582716364298
97 668.6778103162044
98 677.9398104602511
99 662.4782333349317
100 636.6123499008057
101 590.9679717433992
102 530.6168561294833
103 461.90033590789415
104 399.6995293199972
105 330.314422359924
106 264.44448398338193
107 200.98840115046525
108 155.64080322708733
109 104.36415506194173
110 68.48265884675767
111 38.77589127450559
112 23.874733543325014
113 1.2484630742778258
114 -9.651859657510094
115 -21.09605366882262
116 -28.007057912890183
117 -32.4483929459704
118 -38.130269634947055
119 -40.534518937118555
120 -33.687850281895265
121 -35.92162937604676
122 -37.77280747134175
123 -40.335867523892844
124 -38.318709610133084
125 -45.424999575026774
126 -37.050340003053506
127 -40.094298331591546
128 -29.318366514472665
129 -29.941124796228824
130 -37.25022192045713
131 -39.38543442474357
132 -44.49605350225332
133 -33.206234533999826
134 -40.43532522506921
135 -30.022436798925465
136 -24.742509584682406
137 -32.97808545770606
138 -34.208003848224095
139 -35.973257675916145
140 -33.672909358076566
141 -30.911071796223673
142 -26.435560928318896
143 -29.40411038962588
144 -32.69985150914319
145 -32.287547397849366
146 -31.876065663378704
147 -40.74972731197912
148 -37.642987302683025
149 -37.596408660480165
150 -40.05232365177938
151 -53.83158731923535
152 -43.86576166801941
153 -47.677128875941406
154 -46.54403577944354
155 -48.11102436965496
156 -48.95946104519386
157 -40.782550225733914
158 -44.400296900288474
159 -39.49956060198699
160 -44.46340318289565
161 -33.223742813481735
162 -45.508783389512175
163 -45.944422354397105
164 -52.55960909082045
165 -46.98378466695988
166 -46.41724551939875
167 -48.06532116454025
168 -46.54613227721394
169 -46.83101171962574
170 -48.499815526095105
171 -59.36189719688777
172 -55.523622329738906
173 -51.37550865585774
174 -55.305114651234355
175 -45.87569811481179
176 -53.05247709336367
177 -52.013575391698204
178 -53.44996708764736
179 -65.83296276238597
180 -56.04523237580852
181 -60.635307384212105
182 -54.669535895829
183 -53.669892689002324
184 -55.2245529648453
185 -54.01627970429297
186 -59.30630765109938
187 -52.59495804431842
188 -59.914351564846115
189 -54.311613545880014
190 -53.7799106214615
191 -59.199596282526805
192 -59.90957552636266
193 -62.18241031450883
194 -61.97159207820785
195 -53.18204458482015
196 -65.28939571474322
197 -56.79668349017366
198 -53.68391900143937
199 -61.148745748281314
200 -60.93782124680101
201 -60.47388909276856
202 -55.54533871301698
203 -65.72764667143554
204 -65.7176619383424
205 -72.60735278833015
206 -72.49820218094342
207 -71.2893263748396
208 -73.6507506530902
209 -62.02360040476944
210 -56.34892408342276
211 -65.01453359040664
212 -71.2518694717181
213 -73.14966012030263
214 -49.96825372249248
215 -30.408960229337836
216 -15.861586408908424
217 8.276216028540423
218 7.925588095350488
219 19.402244694776186
220 5.184096369401158
221 8.471147365358567
222 39.85862677419281
223 52.27096413789512
224 34.171631736883874
225 60.065065874163146
226 75.46375007991931
227 97.02968718079315
228 78.10359468492882
229 65.56092688186796
230 61.178900948330615
231 14.084450084488523
232 -24.438854245017183
233 -51.999167025717526
234 -66.02143509545607
235 -74.19613278096763
236 -91.58843272329221
237 -85.50860015115468
238 -76.32891678172632
239 -78.94229679773102
240 -99.727885931111
241 -111.81315500033566
242 -103.24152733163365
243 -82.85317866267168
244 -70.78427572269642
245 -116.8348849118709
246 -211.4461576494648
247 -199.06135318578097
248 -77.38205498991316
249 223.60180975562844
250 585.717628400257
251 1102.5956406714356
252 1246.869459081826
253 1343.4289952264864
254 917.2584019124988
255 728.2000339745666
256 317.5152786798575
257 102.99064835737501
258 -24.54911471721536
259 -29.088075432542606
260 -3.937515343471189
261 -23.084619822780645
262 -32.284306234438944
263 -6.470180845584949
264 -21.065666381160263
265 -25.128001646932063
266 -29.268861751292302
267 -31.851865847506716
268 -7.550035444886136
269 -3.2619341845296126
270 -7.560435260222238
271 12.972382341763215
272 4.174148769712355
273 10.101878458056033
274 14.1019810243028
275 18.274492712465374
276 29.983972410834543
277 32.02867563713844
278 49.2798878617526
279 52.399312766179456
280 51.76061407875993
281 69.72654342270219
282 79.60610975465588
283 92.10368691921087
284 100.42791432214591
285 119.31061746964761
286 131.4258929200285
287 147.13719037092991
288 159.76758646312211
289 186.44206320462015
290 209.8801182262687
291 231.8641069908528
292 254.66791911465197
293 291.1502563920775
294 309.7834590628142
295 346.44432675969904
296 382.45288550964926
297 430.15274490563957
298 457.8127629290262
299 491.4449720658061
300 532.5282574045365
301 550.4273934347833
302 590.1427592255909
303 602.3001821598899
304 632.6451243796777
305 642.6580447862829
306 638.8136647404982
307 625.1659840222661
308 610.3967898867044
309 564.7214378024076
310 528.1356524723334
311 469.3943921421833
312 399.89326064761684
313 326.28078615602726
314 260.14732903361977
315 181.9829688412522
316 141.63911580438761
317 85.96723244055372
318 56.21228690504211
319 32.339000877963954
320 9.202858205090998
321 -13.690032722426123
322 -17.623429537336353
323 -16.677358896661012
324 -21.807854486474515
325 -25.401535916767106
326 -34.41952433050425
327 -25.480932118136682
328 -34.43837472578802
329 -47.85440294065244
330 -23.097933499972328
331 -25.069683224352946
332 -39.04109101771341
333 -34.21677535878615
334 -33.39493376402765
335 -34.08419300294292
336 -40.298041800828415
337 -29.02283499568103
338 -30.080919665163705
339 -45.51880237595492
340 -48.308993026899564
341 -42.20966382346977
342 -49.719960808073026
343 -46.00812087750689
344 -51.718183682745845
345 -50.44845761796984
346 -42.21525278753154
347 -66.7605737677841
348 -30.96909775858314
349 -50.38993358666146
350 -35.1888110805138
351 -53.60329125452234
352 -63.480705766397556
353 -57.95666258156992
354 -59.4541164745855
355 -52.57113370292338
356 -62.247723156205836
357 -49.537357362069145
358 -49.963070691211456
359 -74.47389931783225
360 -60.00968258573187
361 -59.734106565566975
362 -54.197927627409996
363 -71.95963228447442
364 -66.12322596617337
365 -65.90921304580822
366 -74.75305506929521
367 -64.03271580369002
368 -66.9278008021634
369 -64.5589823926277
370 -81.29969746262803
371 -73.3997217669575
372 -84.28072626517887
373 -84.81015293130822
374 -77.2818746803496
375 -69.9325041340472
376 -85.18261902463391
377 -76.5345719783565
378 -82.36458005135503
379 -78.55273587695889
380 -77.68776058378064
381 -78.72897241248374
382 -77.16001645988825
383 -87.21678233861968
384 -83.96620287791889
385 -75.71076878964926
386 -81.31057941553047
387 -78.0844352145863
388 -60.27548280928906
389 -78.72332531671589
390 -105.03457636495385
391 -86.47845806807076
392 -86.08104619113102
393 -88.1509106824869
394 -77.47200070131011
395 -84.20060224264945
396 -89.17304114706431
397 -86.09469155214973
398 -86.98102948061694
399 -74.8970470715468
400 -5.463599818526554
401 -7.3684715365506825
402 0.7649199379174236
403 7.379133516041657
404 3.687479259178222
405 -4.456271214185794
406 -5.829111241141305
407 0.4525672794383224
408 5.108026682429637
409 2.5067815967367055
410 -2.6038234030865235
411 -3.31430649375345
412 0.09875194126306486
413 2.332418400201859
414 1.1443163522815254
415 -0.8149897904079084
416 -1.0124821077987205
417 -0.11660204465921559
418 0.27129173725783534
419 0.1495928746747728
420 0.22384212935402262
421 0.2868355607406553
422 -0.14180568168072588
423 -0.5816232695509618
424 -0.2699594172702903
425 0.4572820475289974
426 0.5741145613121666
427 -0.06679201266015222
428 -0.5437131871933276
429 -0.2642799719536366
430 0.27327524366761136
431 0.34709692895582495
432 -0.0009552377109405819
433 -0.22581579554380365
434 -0.11598509444415228
435 0.06512197401488226
436 0.08782904041653697
437 0.016652728450164956
438 -0.016148455152313983
439 -0.011825590943974992
440 -0.018164812513011674
441 -0.01956289099434626
442 0.007382266561813795
443 0.03002013732524634
444 0.014504352751539318
445 -0.015645610094299513
446 -0.020081560064091657
447 -0.0009711542873432396
448 0.011372161597695916
449 0.006372222577751722
450 -0.001767317137147888
451 -0.0028826894129063674
452 -0.0007248894065756549
453 6.845125104493354e-05
454 -8.9732500440707e-18
