0
0
226
-26 0.04935596146299429
-25 -0.07165950716639106
-24 0.0926158508193506
-23 -0.09037347984481395
-22 0.10565968757014804
-21 -0.0804843927112592
-20 -0.010380636838544899
-19 0.2570986791450971
-18 -0.6476495291382761
-17 1.183434306903667
-16 -1.8111379071480536
-15 2.5878520597390327
-14 -3.6750401185710584
-13 -21.17690302429976
-12 -16.469693183509513
-11 -17.59397881055952
-10 -20.558516006774234
-9 -18.9850685398028
-8 -20.24817936910354
-7 -20.016542435511717
-6 -21.05972482344247
-5 -19.78586613326482
-4 -18.96638155852908
-3 -10.351833557641443
-2 -4.45534896905743
-1 -3.924691676036319
0 5.796740312931223
1 9.796751457114054
2 7.3028930755691785
3 9.598066519050708
4 5.541109301026498
5 -0.4124514195029563
6 4.775911629094403
7 11.391207385704101
8 13.633019079895101
9 21.99014648501248
10 20.567242494718815
11 9.314502218143202
12 19.481924172943668
13 24.634041526166648
14 21.587944708738494
15 34.536569394013945
16 34.649087453614584
17 26.82736954046253
18 29.040657220852502
19 24.51503276191189
20 18.749546731766404
21 8.206265702313365
22 -1.3295331108316577
23 -5.237903736967184
24 -15.740462595770817
25 -19.629364355393427
26 -19.417141682284175
27 -20.857658160113054
28 -19.787143743174752
29 -19.89812460571913
30 -19.64946550024695
31 -21.286012409765988
32 -25.047606774729495
33 -26.33328611379016
34 -27.265343166292705
35 -27.062455358098056
36 -26.363183992013415
37 -27.855911706428184
38 -28.585293447218355
39 -31.8281798333721
40 -30.75813017418284
41 -29.272039209115377
42 -29.588994153103478
43 -40.03487193777223
44 -56.36599779479256
45 -57.63182156798945
46 -46.791469131646124
47 -23.65370943605075
48 32.31859004207004
49 106.6858018347859
50 176.97446476976666
51 307.99483192559285
52 399.43623653251495
53 388.4261760698986
54 450.7767127632917
55 404.5266277012853
56 259.862194578559
57 280.16412888988066
58 217.07920353193006
59 103.68072468472229
60 66.08804673807286
61 10.11519981723995
62 -14.437154880595127
63 -18.278713271287057
64 -13.19463448484621
65 -2.500603036824704
66 -3.5584941258274507
67 -2.8791931046567023
68 -1.0816055496263688
69 -10.081832553942073
70 -10.9856250792366
71 -8.152245655323998
72 -6.863034170455296
73 -6.125950070583352
74 -8.491959644889837
75 -9.940888499345226
76 -10.28716665026941
77 -7.81981926605186
78 -8.080040098812312
79 -6.470640315257033
80 -3.829464310368314
81 -2.3533983380072767
82 -1.1605206667146926
83 0.8812097537251348
84 3.127196002556965
85 6.797708219858487
86 11.904526481671844
87 9.354047790471054
88 8.792029193473807
89 11.936340046439543
90 13.718874259959602
91 17.266005298860403
92 21.356474867235477
93 20.395779945658155
94 21.750832988447435
95 26.896970035107543
96 27.464760478576803
97 30.246830456778927
98 32.84462257471827
99 34.25160089865502
100 36.52110557527305
101 38.37358740960085
102 45.475948706261015
103 50.01623583771404
104 51.85754902881415
105 56.54230604549442
106 60.06009805964246
107 63.4260584670884
108 68.63048301402256
109 72.34520421339724
110 74.34100241870856
111 81.74742985026685
112 87.33676106903434
113 91.76586947931024
114 101.20401329988412
115 109.18407392843437
116 117.32871562225105
117 125.8657923113873
118 132.68739110106577
119 139.76307906334534
120 145.41987376720678
121 153.17851836170158
122 162.8650964232014
123 172.445766199839
124 180.5920926965276
125 186.52694839012497
126 193.64194099810572
127 199.93573831377006
128 205.57661343722822
129 211.6541326831365
130 215.5417725220929
131 218.97433335520958
132 221.14734688578923
133 223.56380858766934
134 226.50739534346582
135 222.5845643304008
136 218.44077701401076
137 213.26670949992686
138 202.50921706743503
139 190.36971677284996
140 176.81450454298707
141 160.60217966302324
142 146.56979801646904
143 134.32840918150464
144 118.08207828284954
145 102.62384644822815
146 88.82955561250833
147 72.28567836575833
148 60.52349230631634
149 52.6679955857549
150 39.93531939175806
151 30.510967662780665
152 24.19838933456053
153 15.113521184217513
154 10.193653475349013
155 8.23117530824769
156 1.808034276412511
157 -1.1563031530574628
158 -2.124279695046058
159 -5.762855988423206
160 -7.683113507502328
161 -9.731375957863234
162 -10.822057963441132
163 -11.911823295526137
164 -12.51321211947832
165 -13.267489964634061
166 -12.578638357820079
167 -10.598288831348356
168 -11.92441922548525
169 -12.812997141396231
170 -12.77214631338272
171 -13.427848113658541
172 -13.312405311377452
173 -11.610729573356284
174 -14.645315728611484
175 -15.182429522111908
176 -11.456899924292543
177 -14.339628311953422
178 -12.781673348441615
179 -9.071420931600858
180 -9.700855784827642
181 -9.983705184044283
182 -12.780511080576519
183 -12.972605408443464
184 -13.268249540588153
185 -16.377361344915208
186 -11.191629400222602
187 -11.009622433042708
188 -14.412857287605531
189 -10.60665267146063
190 -9.358221899829687
191 -8.027860189609907
192 -10.149287988092292
193 -11.692322310346496
194 -10.862346737739902
195 -12.119500712103717
196 -11.878075314515717
197 -11.201692092091756
198 -10.894573910863588
199 -9.682478163473647
